[ 41  52 122 304 290 130   9  88 344 205   1  10 118 160 200  73 102  24
 312 233 350 146  35  62 368 365 291 307 263  71  14 151   6 384   4  70
 270  17 303  13 147  34 174 180 198 149 361 190 341  44 158 279 398  79
 369 209 207 277  54  57  80 327  45 317 391 185 213 329 283  82 156 315
 247 389 144 189 269 252 298  78 170 267 262 121 371  61 172 224 378 114
 131 129 268  64 305 192  30  46 136 357 366  81 282 362  76 288 271 243
 108 222 231 215 321 373  21 374  22  55 241  58 396 164 383 162 178 324
 340 239 219 246 141 388 392 354 142 181  98 294 381 234 314 370 292 306
 363 135  69   8 323 393 145  19  18 186  16 342  86  28 301 377 115 216
 226  43 100 359 237   2  11 138 103 176 175  77 208 328  51 346 286 309
 251 264 331 259 345 273 336 163 109 159 230  56 143  92 104  59 397 197
 187 182 161 351 112 195 319  23 358 218 124 299 140 179 349 120 116 352
 376 157 278 320   7 227 232  95 150 155 296  60   3   0 289 348 165 228
 128 265 266 347 134 229  47 221  31 211 238  29 113 212 127 293  32 126
 255 311  42 379 196  72  27 332 343 274 281 133 184 275 260 364  53 171
 318  83 394 183 322 119 249 335  93  63  15 194 375  85 210  90  48  66
 204 334  39 276  65 167 111 132 338 139 106  74 333 240 261 225 310 191
 339 110  94  26  96 166 235 257 107 313 256  12 300 177 168 284  99 382
 245 367 285  36  67 173 385 220 105 395  75 287  33 123 152 297 387  40
 117 353 272  37 203 214 169   5 153  89 253  49 330  38 154 360  68 390
 248 148 254 101  87  25 295 244  84 223 250 308 386 206 125 372  20  91
 302 202 258 380  50 201 280 236 316 217 199 242 188 326 399  97 193 356
 337 137 355 325]