[[ 0.08379338  1.57029612  0.37011334  0.13459257  1.72734799  0.06673368
   2.16760215  0.07782313  0.42048781  1.42070824  1.99651902  0.31924729
   0.11183421  0.70156576  1.05656001  0.08997594  0.19374005  1.16905222
   0.40225145  0.24627859  0.37197806  0.35775289  0.48401648  0.6539916
   0.9651814   0.01565321  0.1881412   0.5917798   0.1515474   0.06843854
   0.70365358  0.61329085  0.05297624  0.01100899  1.36107154  1.03423054
   0.01854186  0.01609799  0.00828277  0.17328389  0.09273021  7.92648261
   0.06883233  0.66759086  0.61029909  0.45787138  1.16507561  0.06952467
   0.03751046  0.00480338  0.00379859  0.22497627  1.18483739  0.13592932
   1.17828174  0.73938602  0.10922793  0.83032575  0.3340722   0.15280734
   0.11915283  3.74065611  0.70429048  0.09662857  0.74071642  0.0383327
   0.04014887  0.03890855  0.00448462  0.22595839  1.39506883  1.22167223
   0.22555287  0.64648586  0.02860398  0.01777543  0.92365489  0.2917094
   0.75977165  0.61852074  0.60502185  0.75854436  0.50222158  0.05275441
   0.00317038  0.04878861  0.44751497  0.00415461  0.72496123  0.00594965
   0.04362309  0.00262811  0.24618168  0.11249592  0.03142493  0.25609167
   0.02454043  0.00327312  0.7818599   0.03998471  0.25132548  0.00554469
   0.90770703  0.65449656  0.12680999  0.02739447  0.03145529  0.04818527
   1.62214735  0.38937372  0.04429393  0.10336726  0.10428103  0.06243289
   0.52155951  0.58244979  0.13149792  0.02148613  1.77082129  0.10170712
   0.17080064  0.46312747  1.41431042  0.11476302  0.11526265  0.00268713
   0.07879319  0.17583946  0.0816573   0.31528072  1.50867081  0.40688811
   0.23058249  0.05071741  0.08402044  0.21441148  0.32349086  0.00257615
   0.24278004  0.07063781  0.14145137  0.4732987   0.40214479  0.13866691
   0.67826187  0.2485927   0.67137839  1.10920794  0.00950376  0.69189672
   0.42665315  1.38900006  0.01940873  0.00840987  0.00547185  0.08221775
   1.15633818  0.13206796  0.80175987  0.54365032  1.86081947  0.51951492
   0.35141693  0.22480371  0.58859868  0.09349565  0.02253952  0.12151217
   0.03630584  0.01053256  2.97425841  0.05353796  0.53232066  0.04107978
   1.29071098  0.21358865  0.21447649  0.0200723   0.72081436  0.2637908
   1.03404899  0.31556278  0.32398738  0.32707865  0.08813556  0.88282667
   0.36140137  0.13808684  0.00269751  0.58348337  1.56261027  0.05984489
   0.43250655  0.00615068  0.04170475  0.11128851  0.28609116  0.18140902
   2.19476594  0.00822849  0.83694269  0.00386138  0.01217955  0.01164202
   0.03926723  1.61159098  0.01600932  0.83484179  0.12967348  1.68275477
   0.05532781  0.06403671  0.14373011  0.91578416  0.007197    0.70786954
   0.34429023  0.00197573  0.1694708   0.47128691  0.01624077  0.07975447
   0.44107901  0.00402041  0.33830786  0.09168878  0.59307853  0.09516014
   0.08181196  0.16317649  0.1426133   1.32619932  0.08183376  2.57244452
   0.21816383  0.02371624  0.00220977  0.13613984  0.13823128  0.27804363
   0.04531133  0.96781376  0.00708044  0.42719861  0.00618307  0.0188199
   0.60668813  0.55121982  0.0069792   0.79902315  0.00507979  0.25910566
   1.17331025  0.00608146  0.00836628  0.08046682  0.15767356  0.06037856
   0.00427023  0.15101292  0.20514751  0.04338677  1.12270578  0.56026671
   0.65073406  0.06000483  0.07939352  0.39839025  0.61640227  1.01986042
   1.57512386  0.36031288  0.00927666  0.53966215  0.08650818  0.06374195
   0.06596222  1.68802618  0.11114024  1.15189304  0.0022958   0.11526988
   0.25389587  1.94251419  0.02135671  0.08745543  0.54682078  0.01315696
   0.68316711  0.09234174  1.56939183  1.2479815   0.39468614  0.05990936
   0.39765899  0.0037007   0.06708049  0.02222716  0.36460378  0.18438325
   0.0146086   0.38358624  0.0106511   2.21080305  2.90501312  0.67494946
   0.27593545  1.11763702  0.00858436  0.19593994  0.02685622  0.09532519
   0.67767592  0.01545136  0.21954871  0.55575615  0.00312248  0.58789502
   0.06723461  0.14662821  0.25467612  0.49694481  0.24252438  0.42458798
   0.2515543   0.00154353  0.0037687   0.67419352  0.28589594  0.68863496
   0.01906293  0.13409612  0.135303    0.02665343  0.04219209  0.14984559
   0.24343461  0.00183449  0.10172419  0.06400792  0.22935661  1.19764323
   0.30654606  0.06524912  0.99333977  0.25206903  0.17511914  2.58227649
   0.0643351   0.19533455  1.14065074  0.12750031  0.1123229   0.01661186
   0.67348291  0.00090075  0.00099442  0.895048    0.15293432  1.34945505
   0.00590312  2.04351757  1.03555777  0.86331472  0.1603702   0.61209629
   0.43204585  0.03997056  0.86484705  0.72021003  0.52296327  0.74542691
   0.00300806  0.84036452  0.69234763  0.03526814  0.08315295  0.23528245
   0.42346048  0.08069972  0.0024342   0.20252561  0.0223072   0.29488505
   0.65283249  0.01574525  0.00554955  0.02704264  0.3117346   0.46173526
   0.00659035  0.55564009  1.38794451  0.21896478  0.04807773  0.01124065
   0.4549603   0.20731893  0.63916267  0.00207599]]